5149
-9433
7672
-9758
-4303
-3010
-450
1240
-3860
-6263
-7481
9419
-8283
2405
5192
-3168
-6050
-977
-1270
3394
3061
-9091
9597
2443
-4258
-6676
-4495
-6742
-5850
-6409
-9780
7562
4231
4776
-7783
-5680
244
2612
-9086
-1487
4280
-3016
4761
7553
8634
-7379
3528
2878
4381
-9949
-7220
9279
8616
-2665
-4869
4355
-2280
9560
-3248
8012
5263
6249
4821
3210
-6228
-6665
4185
-894
2655
7032
9215
8763
-14
-9408
4153
7353
8993
-2888
5330
4700
-1175
762
7235
3011
4680
9367
3022
817
-685
-2321
1690
-273
2276
6247
7841
8372
-874
-4605
-1615
5101
-4321
2362
6626
-1715
-2712
1440
864
5478
8313
3335
3400
9717
-9171
8294
-2077
-7530
-5709
9458
-530
2845
-2960
-4940
-7655
-5749
34
8453
5307
3175
4479
-7370
-6367
5691
-9390
5916
8922
-784
3652
-3814
694
-1393
9600
657
4239
6196
1065
4931
-9301
-2431
-2723
1915
-727
-482
1529
4942
-694
-359
-5533
-7462
976
-3405
2479
8220
-6095
-9955
7154
-2038
5560
7975
-5348
7433
-5912
9652
297
-6898
-2931
-7308
5577
-4112
8539
-5767
2885
4092
5136
-2743
-5514
7921
-4709
-1186
2055
-7286
0
7971
2984
7801
-3506
-4187
-1792
2511
6278
-9705
-4396
-4091
852
2576
3422
-4238
5393
-8467
-4657
8000
1449
-1920
9392
-1044
7526
8169
8353
8210
-4915
8876
-8064
-2302
-4227
-2288
1119
2166
3348
3982
-58
-4947
4327
438
2982
-3340
8420
-9199
-8759
-2895
7087
-8000
5710
1392
3882
-8137
-4729
-8615
-8759
-8482
1842
-750
8513
6316
-3276
7672
1469
134
8104
4346
-4675
1628
2492
615
1062
1607
-5570
6320
3805
-296
-3057
9590
-4287
-5718
-6415
9042
-9026
-322
3717
4115
7102
2393
-2611
-4158
2756
9653
4641
-1520
6595
3392
-2593
1407
-1311
7787
205
9130
6004
-4660
6045
-9288
5978
-6300
-2053
4715
-1209
7821
-6305
-1995
6101
3436
828
2377
6094
-8997
2171
-2223
6029
-1948
2332
-3965
-6451
2282
-8171
-1642
-5362
-3106
8844
4400
-1828
-21
-5604
3017
-9381
7701
1257
-5503
3717
-1938
2295
-8637
5972
1545
6562
269
1207
-2528
-9608
2017
-8950
-3372
-2062
2448
5659
5535
586
-8196
-6912
5300
-735
5770
-8714
3062
-2073
3095
-6031
6788
-3651
-1353
549
-9986
9581
-890
1780
-2565
-4050
6468
-9481
-8756
1543
-6870
-9249
-1231
-1057
-9319
4788
214
8788
-7170
1859
1048
2646
4734
-2813
-335
7373
4808
-8174
-7508
4524
617
-1180
-7408
9824
3
8716
2688
-4041
602
7126
8166
8731
-8683
7472
-6153
-1334
-3439
-9081
1357
-4110
-4418
9592
4470
-5037
7032
2055
-8739
315
426
-4673
-189
-6299
-2640
-7434
-3730
3395
100
-2765
1696
-4599
3612
2441
-7214
7907
-4535
1200
2838
9188
-9357
-9683
-9225
-7221
-3430
-5098
8852
-1200
-8928
-715
-5126
-6726
4945
-3814
-2205
1021
-6357
-5262
-1619
5148
-9075
-6253
291
5054
-7648
3815
5039
4588
7750
1329
-8108
-4892
-4912
3353
8112
-110
6689
5076
6851
-7486
-456
6702
5603
9349
-4294
-3351
2763
-3355
-2000
7803
-5169
-7416
825
526
-9714
4471
7841
4222
9652
6014
-8330
-8960
-953
2010
4964
2349
-2496
9409
-1291
-1722
-839
-406
-2246
-3351
-7299
6037
9682
1233
6855
4394
4984
1492
6494
-2508
-5488
6999
-4091
-3176
1863
6575
-3542
1134
183
-4289
-9857
-1876
-4189
4392
-5743
-2063
2001
9752
7929
-1578
7009
394
5921
-7663
-9988
6312
6391
8151
7451
701
-7696
-960
-9931
8005
2725
-7184
2152
9463
-2981
1096
-8127
3581
-6122
-8236
9943
-9611
8925
-2484
6577
-4314
-635
4968
1331
4578
3406
176
-7520
3122
5273
4735
-7365
-8673
8239
4644
-7215
6955
-909
-5600
291
-8869
-151
2562
9789
4715
4941
-1964
-5876
-6164
-8286
5436
-6601
-1518
-749
2375
9180
1872
8471
9573
7033
-978
-3487
-9174
1864
8892
5600
-6934
-9628
-6286
-8400
6967
-6956
-3748
1509
-973
6859
-6858
7253
2422
-7072
6934
945
-418
-4549
2073
-3990
-4237
-3689
4556
2152
9444
5297
-6832
-3235
-6467
4948
-6494
-8668
-835
-9476
7692
-633
-404
9624
7893
5913
-1044
-14
-6714
1422
6337
-4442
2048
-3057
-9841
-5279
-8824
-3482
-7234
-8701
-9627
6400
-4916
-6296
-5904
-9118
9024
-2430
-6577
8139
610
2911
-5532
-7920
-2595
4071
7894
2594
1347
-8790
-4576
-3044
-5551
3372
-6909
-8006
4814
9703
-511
9637
3601
8053
-1846
392
843
-3592
7187
-5718
-4318
-561
-4061
6072
-9762
-7760
8710
9110
8599
9295
9990
-9907
2046
2477
1371
2775
-6200
-6944
7677
-6354
-597
-75
7216
-5997
-8472
-3154
-6370
-4847
9204
-6521
-688
5408
4107
-9276
4400
6995
6461
-9094
-75
-9671
-3583
1893
-2234
-8662
1632
-2924
-1458
-1635
-811
-3269
-9370
-4187
1369
1947
9795
9224
-5802
1035
5688
-8302
-8116
-8911
-6876
3261
-2246
-5893
1547
-9703
-5096
-8430
-6972
-5075
3563
6479
-659
-5195
3642
-9052
5066
-7922
-8004
-4655
-946
3070
4168
6170
9457
-4301
1335
4537
32
-1879
-5636
-9767
4167
4378
1991
-4340
2857
6535
39
-6272
1249
-8705
3076
-1635
1625
-2431
-3586
-3324
7437
-3605
-4597
9140
-4317
3082
4298
7048
-8633
-2318
7283
6312
-1388
-4896
-4556
-1790
-1754
-3127
-243
-3275
6614
-7863
5394
6684
2126
4599
4643
7866
-968
6580
-1248
-7189
4827
-3320
5254
-5896
-7293
-9775
7078
1412
6114
-6816
3039
2138
7246
1027
-2282
279
299
2644
4742
-839
1403
-9556
-7575
40
-6164
-6535
-4267
-3155
-6613
-3146
-5922
6779
6543
9559
3953
-2907
-9786
-5879
-222
-4647
-8028
-4246
-5061
-7742
-722
1888
296
-9462
-3585
-3715
1148
-1943
-8079
-9557
6433
7455
4869
2096
767
-5571
2888
3160
1658
-7511
2926
7286
-2695
8506
366
-8654
7723
1081
2402
388
7132
-936
4130
8315
7210
7299
-8994
1200
-8209
6903
-6769
-3824
2733
9537
6559
2835
-2660
-5129
-9991
-8640
-5173
-4086
4921
-8079
6518
9539
-5854
11
-3466
7984
1662
-170
3740
8055
5474
-13
-6827
3092
9590
4238
2320
4727
3841
-7502
-7840
-4839
-3313
1774
5573
662
3028
-3581
1960
4346
1236
-9981
934
2405
-1364
-7690
-5061
-9079
-1503
6704
5985
1376
8277
-3969
-1065
-9843
5707
5141
-3320
1747
5389
1947
-9732
-4274
6001
-1245
669
9506
8642
-7311
-6049
5647
-2407
479
1599
-6372
3499
-1238
-3805
1549
6342
-9085
9977
2636
2168
2593
-2988
5850
1708
-6146
-7733
-4615
5853
4156
-3040
-3217
-8294
-8953
-322
-7501
-5157
-5573
792
7035
6376
6906
4913
4307
7640
-3627
-6051
6282
-7458
-9572
8458
3945
-1797
920
-4639
-8203
4824
-2761
-269
-5224
1906
-2881
-5431
2656
-9999
-8643
1412
5725
-5123
4066
-874
8270
8860
-8292
2409
-2783
5589
4922
3839
-376
9382
-2168
2974
-6750
3583
694
6657
-4459
6609
7285
-7758
-1639
5469
-2968
-7622
-7355
-2134
2566
6349
4340
2618
3289
6087
-3201
-5840
4645
-5400
257
3878
-9043
3407
7641
-2418
6700
7025
-5628
5374
-5874
9677
4779
3306
5805
3600
-7996
-3566
-1994
-4078
8207
9479
7399
-2294
9234
8615
-4383
1896
-7532
2332
1649
-1479
-1722
-2602
-5120
-6690
-184
-7284
-8767
-8267
3449
-4898
-7687
9907
-6696
-4884
8803
5317
-1584
7046
-2737
301
5879
-3561
-8345
-9204
6021
527
-2088
-9560
-5818
7514
-9356
6802
-7801
5118
-8197
-7498
-304
4304
9359
-7892
4157
8729
4502
6786
-7506
-7980
-3906
6798
-7246
-3881
-3089
-842
2041
-3060
8378
2846
6249
3572
-6525
2384
1333
5890
-7587
8192
347
9725
-2349
8977
1897
-7697
2113
1509
7355
5145
-671
-5928
1897
1532
994
-2763
-2038
2723
-5514
9799
-8596
-7150
9918
-2861
8722
-7387
1593
-4755
6584
-8967
-7975
313
-6354
6306
9784
-9327
-3368
5852
4641
-961
2266
8206
6531
-1449
3134
-858
-5546
5391
6533
8095
-8688
-7803
8033
7001
2828
-2254
-3871
-2008
3985
6836
-9560
-4106
8233
6438
-642
4250
-769
-135
7239
-5796
-5423
7884
1528
-5303
-4107
890
7551
-5873
5492
-2223
-8229
-2796
-6969
2065
2734
6708
-8188
-8589
-4406
5595
8792
6911
-7572
9467
9183
-3734
-5222
2653
6622
9813
-7077
-1715
-7025
-9310
-1988
-7817
-5481
-4425
6839
1555
-8194
1504
2984
-6797
-2693
3757
9286
-1878
8313
7441
-8057
2337
8971
2823
-7552
-5164
9970
3417
-6331
2871
-6388
1290
6367
-600
6490
2338
7906
203
-4873
4167
-8196
-9781
2724
757
8135
218
-406
-7635
-1960
3108
-728
9712
-2012
1245
-1146
6333
-9088
-5992
-5710
1179
7854
9157
5623
7628
-9245
4675
-2427
-1169
9428
4341
-9227
-5825
-6356
-5584
-5314
6764
1220
-4811
-7113
4020
-1298
-4114
1210
9513
2630
981
-8915
8382
-2739
6056
-1422
-4776
8260
2261
-7812
-501
131
-6344
4113
-3638
-418
6504
6223
5135
-766
9806
6672
9794
-1832
7626
-2178
-867
-7690
-8391
-8492
-5864
-2406
-4587
8384
-461
3500
-7557
5410
2013
4751
-6666
4397
-2187
-5714
3746
7877
1794
1457
3829
7601
4580
-9939
0
-4401
697
-8869
-4848
4668
5280
-6501
-5584
-2736
-8598
6648
-3292
7467
4931
-7104
3128
-9352
-2960
3482
-3194
1476
7765
-2583
4026
-6412
-907
-4362
-6214
-9349
-4916
-8535
2676
-5154
-9909
-9695
-9287
-8890
-8314
-2493
-586
3127
-20
-3398
-4361
-610
1656
-1267
3209
4652
-7729
7701
2604
-9648
-3298
9103
3317
-2508
-415
3087
4315
450
-4044
-8449
7052
8184
-499
-1868
7150
-9620
-201
7626
-2952
-6993
4009
2116
5693
3907
-8786
-7683
3196
1927
-8783
-6180
-697
8628
-7582
-8870
-4637
-920
-9275
-1529
-9063
-6850
7636
1912
7743
-5739
1203
9976
-3970
-506
-5547
-7461
2102
617
-7744
-7455
-8753
2123
4169
-6629
795
9820
819
-6946
-455
6453
-5606
9468
-4522
2091
-6007
6342
1228
-5773
-6087
4202
2278
-7453
-2585
-5619
8091
-1688
1184
5286
5119
4309
-5251
-9865
-9141
-7664
-2
-7929
-4298
-8612
-8526
9885
-6282
2570
-3213
-1006
6603
-871
-6606
6900
5235
-778
8368
4969
6549
-7217
9017
-6268
8267
8365
-3381
475
-2464
-416
8499
9902
7810
7413
-8316
-4784
-6677
-4983
-3146
-8725
-9463
9807
9674
-5351
9322
-3944
-6517
-7998
4176
-8560
-8426
9159
7441
796
-5507
-774
4233
-9792
4511
-8039
7051
-9305
7700
-9199
1830
5158
3539
7864
-4921
5368
-7929
969
3291
-5594
-3284
7945
-8687
-7080
9810
-7997
9572
1309
-5382
-3556
-2437
-1259
8815
730
5548
-2757
-2873
-3124
5189
4654
-4245
6485
-3883
7377
2582
5224
-6516
-5466
700
-4332
9352
-1797
-3745
2328
2027
2779
8071
8403
-4252
3155
244
5421
-2187
-5436
-3621
-4599
3198
6639
180
2125
4077
-4267
1567
7246
2792
3165
9465
-5059
8516
5097
-5660
-2014
-4055
-1957
5675
3695
-9757
-1247
-1714
-5578
9156
-7173
1505
7253
-6129
3745
7314
-3685
6972
-2658
-604
-8315
3718
-1546
-5843
-2157
601
-4413
-2864
5230
-1697
860
-2029
7141
4974
-2208
-5643
-7798
7961
-1940
6031
2948
5540
1034
1369
9264
-4621
-3868
-205
-8107
7628
-9420
-8392
1460
-2781
6146
2099
8834
2030
-4106
4041
8501
-4874
9529
-1027
-3999
7734
31
4408
-510
-1064
-5966
-8960
4443
9316
-816
5062
826
-8387
9254
-4171
-2479
450
-3340
-385
1945
-1141
-1840
-3366
6927
-8988
-8213
1515
4826
445
6648
-3327
8791
3950
-5047
-5906
-6927
5165
9551
3039
2064
1497
-1915
7443
-901
-656
-4096
4551
-7734
4612
6772
6132
-7864
6994
-5928
-6921
-3828
-9464
6079
-4298
-5058
5387
3647
-9651
5723
-8768
2311
-9147
5866
4520
396
-7585
844
2199
4419
-959
-2347
-8556
-4769
4931
-1650
5102
9691
877
1681
8314
-7768
9986
-9367
-5316
-3545
-1042
7676
-161
-5385
1719
3005
7810
-7005
827
1458
7820
-4536
5434
6670
-1799
2608
9424
851
-5152
4323
-6521
4608
-3920
-9111
-2357
-8540
-5316
-1206
9515
5942
-1982
-8603
9654
-196
689
3566
-7438
8083
-7644
8773
798
8665
3076
7705
-607
5614
-9541
-5893
370
-8972
753
-2208
6954
1404
1246
3846
3080
-5481
-966
808
-9615
-6256
8167
8592
-195
9121
-7280
-1818
4460
8392
9695
8504
1231
-4306
-4269
-1871
2497
-907
-9658
-212
-9860
-4839
3444
4707
2096
4070
-1032
9287
2128
6113
-7541
5611
743
8200
-3485
-3933
-9141
1586
-4182
2621
-493
5373
5738
1641
2955
1337
3279
3955
-5638
-7678
-5671
-7669
-1
-8931
4209
1411
-3906
1624
-6540
-1255
6219
6493
1943
9538
270
-7447
-2434
-5561
5354
-9931
-4414
4800
7358
-733
7340
7283
-1135
7412
4038
-9767
314
5116
2627
-3209
-1366
3200
417
1108
-7402
-1379
-7423
1403
-288
-5927
3276
3366
2106
-5987
-7823
8082
6036
-5553
7367
6613
7610
-3471
-6411
-2875
7874
-3462
8354
1550
1555
-6873
-7283
-20
9455
-5904
-1825
-4132
2147
4904
1599
-6468
3120
2545
-6287
-1090
7303
2889
-494
7628
-270
8916
-4137
-2868
-7306
-6204
7483
-249
-5657
577
-9854
699
1848
5221
-5660
8739
-6416
-3480
-2613
115
-1808
-6549
-2247
-9492
1688
-1604
5647
5578
2283
2959
6413
-8970
7225
8812
390
7825
-2277
-507
-1861
-7090
3424
1138
-8379
7775
-4558
9127
-3946
-6202
-9080
5451
-9668
8728
-3174
2776
-7826
-6592
3606
7671
8972
-8688
-7362
-2024
-4343
-6992
-8568
-8827
-757
-3983
7531
8922
4190
-5377
-9243
-1988
-5805
-1623
2733
-6488
2692
-413
2849
-8085
-8220
-3071
-9857
4391
-5664
-7805
-7771
4936
6577
8214
-5612
-2073
-7800
6840
4367
-5418
7196
175
-1067
-4929
-2004
2301
9474
7462
-7809
-1212
150
2005
-2898
-45
-4156
6167
4249
9182
-2318
1359
-6144
1015
8350
9465
-6908
-3458
-5021
-5707
5876
2531
-8401
-9816
6412
3821
9919
-7056
-682
1948
-9777
7080
-6316
-6653
4317
-4305
-1055
6900
-492
-8393
-2621
4239
-6744
-4139
-2288
7422
7214
-5140
7306
5908
8611
-693
-467
8193
6719
-760
-9646
1425
-5882
-7801
-6414
829
-2989
3596
2032
8384
7578
-4289
-4714
2167
-7812
-7239
2436
-229
9181
3565
3112
9542
4861
-7875
-2949
-9032
9088
9927
1044
-2059
-2079
-2423
7702
-9363
1911
-815
-910
-5559
7325
3713
6747
3080
9452
-2282
9779
1000
-9028
-1426
6783
-4984
6042
-3399
3471
-8926
-1743
-7367
-2255
1333
-2829
-4216
-730
-1594
9558
7059
3720
-362
-6009
4557
1063
-1701
-7715
6593
8611
5167
-9359
5882
8550
-1062
-3116
9687
-4901
-9187
-8699
291
5814
964
982
-3396
2621
7261
4075
2895
5230
3235
-9171
-2950
-562
1107
-2518
7917
-7374
-8387
931
-9747
-4052
-4183
2191
7132
8307
1080
-6465
-7914
-3708
-5936
-5901
6629
3384
-2574
-7413
-110
4870
6057
997
-8116
6753
507
-3088
6542
3271
-6588
8473
4865
-4513
-5882
2420
-7177
8802
-2520
-6470
4991
-6720
6695
-1613
-7084
-3500
8350
-626
7881
-7478
8082
1216
-2012
-7325
2565
-6388
-6419
624
1975
1803
-413
6766
8257
3224
2462
-5624
-7049
-3584
1575
8334
-4476
-8171
7382
4490
-7365
-9632
-5935
-280
-3168
-3259
8208
1180
-530
8853
9683
-3191
-8931
-1883
7638
7211
-6626
8798
892
-3623
1507
771
-8139
-560
-8114
7041
-4430
-6268
-2285
2699
-9581
-2935
5481
59
6439
-767
109
-2110
4715
5147
-9298
3174
9159
3669
-1554
6571
-1215
4519
-671
-3398
-7065
1260
8943
-4365
-3165
-178
3634
4273
1270
10
-2016
714
9146
-9635
-5990
2191
5821
-9122
6614
1641
3738
-7116
5977
-408
-3995
-183
-8780
-1787
-7400
-3115
3942
5262
4566
-1868
9324
-9061
-3078
8699
3386
-1663
228
6409
-2877
2836
9203
-3298
4921
-1944
1399
-5176
-3455
-1604
8054
4104
8512
3847
-3681
-8393
-9834
1132
3149
-5631
-8573
-9174
-912
4778
-1199
96
-5084
-3575
4698
-3121
9232
-5060
-6642
6095
-2558
-8027
-2899
-8170
-7096
3030
-5910
9512
-68
476
-2675
9532
7799
-8927
-87
-1603
-4128
6767
9472
6333
-241
6612
1008
7491
8734
5380
7352
9828
-4086
-2830
-5049
-3173
5631
7271
8894
970
-9837
-3802
-8499
-5407
-2726
2459
-6078
5510
4728
5885
-9527
4752
-7170
-697
6362
-1696
9261
1632
8864
6626
-8023
-5912
-2539
-4762
-1679
9899
8579
8444
4723
-3716
7306
9838
2150
-1742
2495
-8294
-4509
-5543
9219
-1068
1025
-235
9610
3554
-3190
-9804
-4423
8828
8526
-3386
8351
8299
-6436
1929
-7192
6400
444
4942
9159
-5016
-5379
-1490
4091
-822
5489
-6899
4867
2022
-1872
-1097
177
-4990
5938
-8695
-8196
-9867
-1851
-8551
7329
9915
6039
6167
-1545
3223
-8579
737
-6006
6740
1595
-5460
9295
1151
9142
6433
-2222
9620
-3146
-8943
-9490
2858
2133
-498
-56
168
-8684
3721
-4061
-6075
-8959
-2943
-9006
158
-9383
9192
5879
-2778
-2290
-1503
-4150
977
-9443
8231
5830
9459
-6808
-9261
7604
-7043
-5854
9496
-4942
-254
-4184
-2234
-6876
-9734
1980
-3221
3338
-5623
-1963
-4507
9283
-9891
3660
1813
7948
-4975
7190
-9575
-5535
8562
8342
-3095
-6237
4433
7557
4581
9549
7058
-7279
-925
-1616
7232
-8054
-8238
-82
6112
6011
8350
1692
788
-908
4993
-7942
7546
-8188
-3984
741
2921
-913
-582
-4611
4205
-3828
-6446
4322
5329
-3210
-8108
-9261
-7840
-4638
2850
-952
946
1650
-8625
-1015
-4359
-8988
-5828
-2491
6518
-8043
-7124
-9188
6564
3209
771
-8704
-9373
-1273
9873
4538
9285
-8711
-3263
4715
-8333
-212
-6944
6759
7710
-7981
-4976
1719
9420
-4570
-7538
1097
-4257
-2855
-1907
8634
-1595
-7826
8298
9216
7039
-7504
1088
8587
9496
-4262
-6914
-7190
6352
5047
-171
-9544
7979
-7919
5276
-9701
614
-8817
-9908
5817
-6359
2587
-8181
9173
-7016
-1714
3779
7319
-881
3858
-6220
-2832
-7431
5160
-4541
-4155
5816
6449
2549
5295
3430
8492
-2730
-355
7274
2929
-3252
4028
3654
-9478
2100
2774
8195
3474
-5234
-3054
-2803
7905
-4089
6616
6627
8233
-9229
-7227
1480
7527
-7270
8755
6425
-6371
2293
3606
-5169
6653
5207
-7170
-661
-7901
5652
9854
-346
-6119
-1078
-9801
4316
-9099
3109
-8359
-8898
-7893
-2177
9415
-5038
7552
-5569
9424
-8718
4084
7191
-2651
-3538
-593
2721
-3287
2019
9266
3237
-7040
-847
5535
9552
-2955
-9420
-3376
7559
-6942
7715
-5311
-994
-2526
-7392
3657
-9645
7118
-9200
4841
8777
-8177
3698
-1635
-1051
896
1312
-8643
-3062
-5193
5001
-2517
7398
230
8329
-8342
-8247
-3953
6625
3548
-3178
-2584
-8703
8931
1968
-7345
-7489
9013
-4939
621
-1685
-4455
-4748
9393
4026
-1720
4254
7620
7444
-5648
-5235
-6991
-6158
6367
3229
7886
-3081
3108
6338
3406
-3288
-85
658
-7991
-1286
-2069
-3626
369
-1486
-6318
-7514
9690
1412
1455
-3738
8076
-9836
-542
8626
9844
-4144
1868
-9538
-2302
-4209
-9027
5280
7542
-203
2077
7469
2100
-2984
6900
4923
-5864
-1097
-5842
-2908
-3035
-9603
2697
4202
5486
-9110
-5240
-532
-9965
1452
-9848
-6270
1608
133
1162
-6686
4840
5037
2669
-8721
-2849
-2404
2218
5930
-8648
-775
-2041
3416
1752
8121
-5615
-719
-4161
-1400
5781
-911
-2620
-7394
-9551
-5032
9281
-5583
6372
-6641
9874
-8641
9091
-2598
6071
8683
9148
-2752
1157
-1868
-9097
1886
-8714
-8216
8071
8490
2268
1676
2371
2150
1333
4023
-2054
726
-9125
4741
-2989
1350
9104
-8954
982
9890
7624
-298
-2728
8439
-4145
7475
-1795
8277
1763
-7884
-6651
-893
-6798
8380
-1272
-3428
-6496
7806
-7053
8846
3847
7296
9801
-6753
6600
2349
-6886
1161
7933
4900
-1169
8405
5789
-2266
9756
-9984
1804
7771
6083
2688
-2237
2557
707
-1735
32
9410
-4467
51
-6292
-285
-7832
-7814
-6978
-7828
5926
3974
-1558
5632
-3418
3874
-4683
-7879
8748
3526
-2343
4898
-4542
-5231
6982
-8060
-2666
2877
-1370
-6854
5626
-5688
-6753
8327
-720
-7185
-2730
4614
-3901
7515
5569
9137
6658
2564
-379
-5837
-4297
-9525
-7044
-6147
2858
4458
-5945
-4522
-9032
-5311
7484
-5461
4414
-932
2477
9
6789
-8024
2207
3976
-6224
-4901
4953
-3264
-9626
-9760
8033
9003
6809
-1347
-7240
516
-8063
5219
9921
3137
5634
-2278
4461
8313
4133
7687
1538
-3084
7123
-6182
-5142
6581
-4983
4900
-8845
4822
3379
-4575
2789
4952
-542
-590
-1296
772
8237
-300
-6226
-1258
1175
-4920
-491
-4876
-4346
-7732
4065
-2184
-849
-1635
8851
-9697
2449
-5459
-5493
1927
8616
-5670
-5273
876
-7239
7533
-5549
2442
-3585
8777
-8432
-7619
7228
-7918
3746
-3178
4675
234
365
-4963
2162
-8190
-2720
8016
2419
-8624
-6552
1495
4526
-8649
5438
-1673
-9674
9037
-3207
1606
-5576
-1990
-3992
7080
3602
3185
-4789
-1024
-8082
-9743
0
93
8148
7294
3004
9086
-2697
5022
1475
2042
6803
-7349
9299
-8041
4098
2423
-7928
7869
3418
-5643
-2072
-7673
-2917
7380
-9224
-7407
-4998
4520
4798
-5280
9425
4088
-4649
-1049
4294
815
5532
-2086
8191
-2993
-4153
-3665
636
-9604
-6240
2578
6774
-7369
-2265
-5150
-5491
-6244
-5808
3839
978
85
4265
-4573
-3908
2116
-2030
-9011
1941
2366
6365
-6995
895
-2567
8373
3160
-4305
7806
4329
-7378
-9659
1169
-2764
4675
-7046
1412
8696
1513
-3268
7339
5403
1484
8766
6797
5229
-2290
9111
-3567
9398
8019
286
1767
226
-8671
6252
9839
-6882
8440
-7091
-3736
-9203
2508
1097
-3676
7543
-9996
7928
1222
7846
-6187
2989
8909
-8263
1396
7098
-2864
6630
7157
6311
7524
-272
-9714
-7527
-2809
-569
1337
2307
260
7289
-4639
-1652
-1158
6423
-4462
8830
7665
-1193
-5853
-1102
-1257
9700
-7514
-879
-8404
7492
-6918
740
-6168
5979
9081
-1278
7326
-2010
-9904
3846
4303
2614
-6720
4057
-9195
-1103
3036
9849
-8349
-7095
1600
-1402
6782
-4387
5276
-3
-236
-6299
-6423
-2862
316
5756
9049
-1346
-4755
-4144
-2900
-712
7258
-8188
-5211
2715
2841
3798
6536
6610
9216
9438
-478
-8450
-5971
1197
-8752
-9019
-4867
-3526
-7138
-5787
8254
-180
-3178
2059
1122
1384
-6117
5491
9300
9583
2952
-6773
111
5447
2751
-7461
2609
7623
3344
3498
-6783
5308
-6452
-7422
5215
-2141
-9505
-1235
-7076
7260
-2397
5544
9466
5462
-1447
-7214
-8876
-6848
-7178
-7462
8567
6444
-892
-3538
-1264
6874
-4375
4266
-3211
-299
3031
9879
6905
627
1957
-8947
-5261
9011
-143
-9752
-1077
-2408
-8543
1951
-2019
-2549
-5396
-5801
-2374
5626
-5777
-4109
-1440
3932
4784
-6176
-5357
-3598
4468
-9437
-7839
-7075
-5415
5930
-7382
7013
8852
-804
-2733
7578
-813
-1192
-5000
1326
3601
1248
5369
-4431
-9811
-9041
-7321
4441
-4189
-1442
-7873
7830
3003
2276
-6118
8825
-4587
-8422
3445
-8554
-4298
-1926
9646
-8264
5781
-2804
6697
-677
1202
-7703
-527
1612
-4226
9546
-5791
-76
8801
3116
221
-3415
5065
-179
-1999
6487
-2812
8414
-8163
9434
5218
4049
8785
-931
-3813
1358
-1789
2720
1250
-805
2507
-1578
-6616
-4846
-3475
-9398
-8016
4660
-9505
4392
-2940
4288
133
-9918
-1779
-4827
-2447
612
5229
3733
-354
4554
-6430
7656
7769
-2095
-478
5527
4341
-2983
-3034
9415
-3230
-5863
-4611
5079
-8859
65
-6370
-2767
-5353
8243
-6108
-1652
-6425
-9684
-8332
-3758
-4187
2062
-3785
1045
2031
510
-4903
5829
357
7797
-3892
-4447
-1585
4436
3876
-3924
-3082
-8509
-908
-3260
-4458
3111
-5219
5427
-2971
1589
6868
3934
8472
-5156
-8142
-9021
-6500
-6679
7375
8131
-6103
4602
5887
-3839
9637
2972
5015
-7504
-696
-1663
-9730
5459
8929
2070
7699
1922
-7602
7990
-1180
5132
8551
-7856
7176
-2903
-543
2975
-1930
514
3957
-6142
-239
5859
2575
9420
-2240
-5471
6010
8080
-9755
5650
9075
-5767
1255
-315
-8248
8368
2237
4853
-936
-11
-482
-5058
7157
4217
8369
6686
9231
-798
1232
-3867
2274
-3369
5265
-149
-515
-3950
-5232
7679
8663
1740
7008
-9514
-3516
869
3898
9004
-273
-3849
-2062
-9735
-1909
3547
1493
-2637
-6479
-9218
781
9711
-8398
-8719
1627
-7329
-523
5052
1247
5346
-8510
2363
-5744
9249
8805
8729
-5293
9721
4260
9253
9437
2062
4252
-6544
-951
-7286
-254
2664
6362
6760
-9500
-4169
-6830
-1671
-1504
-1627
-2546
7018
2259
9592
-4146
-8729
9849
-914
9000
7765
9272
-9561
-9780
2097
7034
-5616
-7761
-1069
-8130
-3996
-3762
1420
-1941
-5968
7230
8507
-1096
8597
6805
-6515
-7244
1068
-9962
1580
-7689
-8840
-7356
-4989
-71
-3356
-7076
-2397
6268
-54
-2127
-3756
-3813
-37
-9073
8554
-9688
-764
-3322
1173
2938
6762
-1652
-1345
1338
6532
-8955
1225
-5267
-9788
-547
-6833
-8527
4092
-5998
5224
9615
-7942
-2701
-5694
-1815
5591
-7059
-8419
842
-4186
1741
-5617
-8468
3221
-5732
-8535
-5333
4106
-8046
-1893
9653
3326
4468
-4720
-740
-4996
-532
1676
8715
6041
-2959
8782
8897
-2719
-2995
6472
-1673
4329
-5656
8758
8775
-896
1901
-7666
-3678
-1596
1444
-181
-9123
2967
6726
-1492
-4375
-7740
5527
6225
-259
7800
1503
-5256
2764
2801
1707
5041
9662
885
-8081
-7868
5021
-2089
7246
680
-4456
-9413
-115
-667
9058
-666
-3013
5941
1347
2955
-2168
9852
3952
-1130
-1536
-6513
-3763
-5021
5337
-4275
-8443
7599
-638
3609
-1606
9580
7551
8203
-572
6928
-6225
-9904
6542
8248
5765
3707
-9229
-9409
3836
7874
6052
-7163
6139
382
-5913
8297
-7594
6050
8877
-3491
-4501
-8231
-246
-1155
8208
-6715
5513
-6324
55
9861
-1225
385
-4571
-1294
-6102
3197
-2569
-7314
9282
-8249
8293
-3574
-8551
-8475
1729
8610
3611
-2546
-3458
-4381
9867
2914
8619
-5163
-9077
-6893
-3087
-5843
9266
873
-7770
-7486
6290
5845
5663
-3651
-797
-4082
-9410
9790
-327
6310
-7481
-5022
8495
4090
-4582
3242
2280
2004
-4206
-3024
2160
-2915
-979
4166
-7959
880
-9176
7668
7188
5367
8753
6340
-5466
-3620
2992
-755
4932
-9899
8155
5638
-5294
7330
-5163
4643
-1447
3167
-5552
1279
2893
2807
8500
-6734
-6215
-5407
4003
-6616
-1881
8708
-6817
-9247
3168
9537
-5986
-1590
-4334
5349
6145
1508
4931
-4840
-5272
-159
-4838
-4211
-3029
-8317
3314
8205
6780
-2103
3770
2880
-9384
717
2590
889
6680
-1327
-5088
8391
2944
-284
8407
389
523
1162
-1726
-3072
7891
8358
-8839
-4176
4755
-8739
906
-9870
-8858
-5568
7529
-8124
9074
9235
3164
4753
-9405
9885
3429
2136
9023
-4084
6975
8380
2134
-8807
-7598
-409
3861
4868
-2673
-9433
-2506
5077
-3148
-3203
6025
-7918
5786
340
9648
9593
-5944
7197
8782
-9360
7979
3241
4639
7461
-9892
704
-6194
1639
-6650
-786
7165
3440
-4761
-1773
5502
3050
-87
-362
3257
-3473
-5005
9785
8030
-2522
-2572
-5913
7537
-1138
-4117
970
4618
1789
-4963
-1541
8768
772
-9751
5638
-2295
4680
-8111
-8243
7584
-9059
2363
-2399
-2998
-2124
434
7141
5046
-196
-3470
-3677
-7185
7579
-6812
-6233
-4481
-4230
2244
-9791
-1957
-4790
-7979
9623
4151
-3918
-3758
7910
-4144
-452
-2992
5488
1559
8375
-1997
-7029
-6156
6193
156
-7226
-1675
-3826
5835
-5913
-4446
-8169
-1275
5333
-9733
9183
-6694
-8110
-3916
2169
5133
5754
-3842
3648
2314
-255
-4929
5723
5045
-1303
5472
8248
-1924
4260
-4088
8081
-8815
87
3928
-4175
6672
6102
1062
7847
-2491
-9161
9066
-3124
5582
8075
-8950
-8202
855
-6433
-7169
6574
-5509
-8375
-9887
6057
4521
-1379
9587
-3666
3839
1715
-3011
1322
-7163
9769
-2544
138
-7513
-4246
-5543
9842
-1190
769
2108
2752
3693
-1469
8691
-287
6941
7401
5898
-6112
9026
-4541
6874
8294
1768
5718
-8229
-4774
3887
-8065
-7125
9552
-8405
-9983
-8112
-5727
-6962
-131
-3005
-7718
3649
-8331
-1920
-4549
4957
-7800
3433
9526
5997
7863
934
-2724
7774
-9289
9729
-8235
-2495
1842
9347
-7372
5409
-3836
3962
-3817
4390
-9671
1156
6642
-23
-2392
-954
-3787
3739
-5977
6215
-98
-5112
-6681
-3249
-1230
1905
1019
-5736
-4098
4512
1117
-3443
6058
5605
1617
688
63
1968
3568
2807
2126
-4419
-4089
8178
-4511
5888
-6842
6946
4241
-8612
-7935
-8182
6623
8457
-2018
-1407
8545
777
-4873
-2363
1053
-9981
-8536
5406
1503
2491
154
2243
-5694
-575
9598
-7832
9022
-8660
-6485
5102
-9426
-1378
4116
7352
2290
2205
4614
9643
-4113
-5336
-4446
-7789
-6629
9430
5496
-2489
-3832
2137
9515
-6466
7759
6815
-3202
-6438
-4680
-5201
1500
-332
8603
6372
-2189
-1062
-1640
-4819
316
-4626
9129
-9125
-1774
-1208
5085
3955
7075
354
3038
-7204
-7909
6446
5490
6241
612
8550
7233
-5856
-8503
-9491
-2515
2104
6037
-5667
3461
8867
5515
9199
7060
7374
-842
599
-8802
8252
-5413
484
-6831
3406
6902
-1723
-6631
1624
-5763
3543
1589
2177
2358
196
821
-1390
-941
243
-7200
-1421
-3837
-8320
123
-4113
-6176
-4342
5060
-7493
798
-9959
-6533
8255
7414
7616
9021
-599
-3013
9784
602
2336
5052
8094
-1631
-3776
-8920
3873
-3318
5289
6490
-4738
-7822
4769
-29
-3678
1250
-8748
128
-1745
-2391
662
-3889
-3279
-1744
519
8180
-7327
-5749
-5268
-4063
1098
-1574
9359
954
5043
-6344
-6785
-4274
-3417
-261
-284
-7495
-6681
-8161
-4745
9435
2610
575
6359
3311
2926
-4591
8986
9863
7220
-6745
1326
-7062
6153
-6754
-2642
-7769
4264
-6450
4046
9303
-4103
5474
-8908
8697
2759
-6417
-7760
6088
4822
4274
-122
-3936
-4461
-2396
5459
1253
667
9091
1805
-6984
2517
-1677
-7945
-1179
7981
3413
-8377
8030
6443
-3616
-1428
-1656
-2153
5380
-6234
6952
-8294
-6016
-4443
-8816
-4572
6719
6462
2851
1532
-8006
-884
8260
3535
-5209
-3900
3754
1288
1295
-7844
5206
-2417
7891
-5192
-2366
-945
4567
-9117
-6702
-4638
-7969
-111
8008
8062
923
1875
1284
6870
6389
-3498
8173
9522
5665
-766
2388
6892
-7642
6999
1544
-3449
-18
8423
9855
-7274
-8419
102
-5529
-683
3824
-3258
6107
5346
5509
-7993
-8694
1561
-4580
7798
8595
-1197
4452
2398
399
-5718
-245
-2492
6237
-4489
-2177
8579
-7251
7350
-2990
-3158
-7514
389
-944
9019
-4877
-3866
1559
6626
657
7695
5742
-1739
-7102
-5529
-4206
-9274
8728
-7566
-9622
-6325
2090
1138
613
-847
-6866
8259
-5791
1866
-6808
2855
7202
4421
6887
9358
8078
7764
750
2650
210
961
-7047
6576
-9569
4716
1303
-5869
-6541
8222
-1295
1910
-5573
4295
-1398
5835
3921
8913
-9930
541
-4846
-1745
410
3861
-8577
677
7563
-862
3858
-9807
-5723
3833
-8401
-4595
3372
4993
-2574
-8567
8462
4967
-1988
-7439
985
6517
-3010
3833
-7187
148
-7791
-5473
-9434
-8131
-4865
-4862
6635
-2774
-4111
-7599
-1811
-4008
-7294
2836
-1859
-5217
-9034
-3105
8315
-184
-174
-5079
2018
2269
-8069
3846
7617
7880
-4807
2453
3299
1873
8910
-5144
1458
8707
4510
1581
1434
8305
2224
-4039
5075
1812
-6652
-9152
-7185
8847
950
2068
2360
-3154
9025
-4882
-2510
-3670
8051
-6964
2826
-4178
3579
4839
-6630
6466
9750
5842
3405
-1947
3255
-4352
8327
-6208
3296
9857
927
-4391
2418
108
8280
8356
-7326
-6785
-2
-5449
-5074
-2478
7495
7558
-4250
4862
-3120
-2699
-644
3588
-7722
-6418
710
4354
6737
4414
1995
-9362
5417
5989
-5371
-4061
5694
-6059
7533
-3906
-3496
4295
-3074
-3264
-5286
-2552
6418
-80
-4581
7803
6833
-939
8392
-527
7193
8043
8407
-6201
4688
-965
2137
5582
944
-6739
-7570
3078
3261
5960
-5106
4017
-2894
-7629
-7406
-6294
862
9116
9311
-7812
-9724
-2998
-7392
-8916
-6714
-1963
2859
-5987
6252
344
-3788
4579
-923
-3629
-8333
1059
5383
-8388
2068
-8397
6093
2617
-4358
-3594
8017
-7851
9120
-2226
-3644
8977
-9975
8233
-4585
-2279
1222
4702
7328
-3825
952
-780
-7699
8647
9298
9384
-7047
6166
9515
5113
-9782
-3645
5904
-1820
-1529
4058
-8109
-173
2282
-6838
4516
5943
-4249
-5555
-4852
-6446
-1704
2377
-9729
5591
-8608
-6643
-512
3250
9786
-9269
-9040
7006
3303
7796
-332
-902
1517
-332
-8814
9690
-6906
6884
-8147
8661
-1446
-9835
-508
8975
-4776
6638
-9094
-8252
1652
4051
7485
6220
-2388
-7552
-1291
1898
-5329
479
-7705
-9709
-738
2914
-4490
-972
-1198
2544
1659
-6618
2231
9484
-247
-6708
3088
-6534
-4412
-2479
-4742
-8842
6954
-1729
9970
-2755
4541
-6817
-3601
1234
3124
4205
9133
4396
-1416
-6025
-338
7491
-1662
9513
5446
-2475
5537
-3408
6113
-9242
-8327
3309
-7825
-6317
-9441
-4723
8883
-5620
-9737
-6063
-6602
-2102
-1456
-3331
5822
5794
-1839
3936
8738
-2141
1250
-3831
-3800
-9616
1028
2050
-2181
7019
3240
7801
-4205
-8869
1586
5061
-3937
-4086
-6912
-4549
9046
366
4766
-2938
8689
-256
2694
-6994
4559
-7474
6294
-6597
1277
-8246
7475
-8332
-6877
-8782
-4438
-7101
291
1068
-2973
1111
-8420
9476
-4309
-2056
-8973
3155
-8129
3976
-5676
7045
-9348
-6049
-1044
-2954
382
1650
1580
-6660
8782
4625
843
1458
5529
-6253
6666
-4455
1671
-1349
-4098
-8640
9205
7666
4718
-8603
-2336
-1894
-9873
-2788
363
-1625
9639
-525
6754
-8701
8485
-6498
-9343
-8963
9126
3455
2073
9544
-6850
-1533
7203
980
4327
5468
-5194
-6469
110
-2283
7108
-7544
-2178
5559
4519
7200
8493
-2755
-9463
1234
3326
1009
-6398
7948
-5821
-881
7333
8514
-8433
6205
6139
-6963
8986
6350
493
-2074
-6982
5566
-5766
4051
5373
9163
5910
6231
-9051
3616
6081
-5320
-7541
-7204
-7330
9207
-4962
6466
1246
4390
-9837
5330
4831
-827
-3707
4013
2830
-8848
5038
-901
2147
1598
8201
5089
2820
2183
5691
4831
-5921
3307
4874
1115
-2973
8840
-7912
-2617
6804
9138
8897
3727
8355
-9175
-1112
-1243
1449
4096
7605
9861
6342
7029
634
4700
-6681
-5898
9137
-2190
5552
8827
4058
4165
-9348
3852
8437
-5778
8150
8318
825
8149
-2951
-9656
2632
8859
2683
9106
-9610
8872
-1158
1084
-6063
-4047
-896
-1936
9511
1100
-1217
-994
-9075
4596
851
-5463
-7887
4011
-2996
-9262
4703
-8455
1599
-3757
-6000
5535
-3327
9288
5701
8467
-3700
-3138
-1634
7926
-7913
6200
6427
-5141
-7843
5640
-7428
811
-7475
3147
3673
-1516
-6303
-29
-6119
-8547
6864
2616
6393
-8014
-4439
-2403
-8595
4362
-5156
-8690
-3086
-9640
-5815
-654
-559
4729
5514
5273
3221
723
888
3930
-7042
3516
-6235
5417
4757
952
-3746
3990
-9732
-9124
1598
271
8504
8892
-9807
5272
757
3921
5711
-2286
-4545
-9260
5485
5375
-3580
-3130
-297
-5798
806
-7730
-4447
8887
1527
9850
-8984
-3780
-6679
5129
2489
-5433
-1490
-4545
6694
271
-5626
-6956
1617
339
2870
-2116
-2246
7287
-7915
-223
-6629
-8494
-4570
8363
8695
-8287
-3248
-8981
-6425
8605
2248
2387
-215
1480
-3160
-7732
-7858
-5727
3568
8113
-3070
3287
4922
-8665
-5629
2413
-6216
9247
6853
-1927
-6464
3612
9916
-9648
7937
-7533
-222
5434
9891
3924
-5869
-7702
-9710
5977
-1569
4554
-7166
2347
5310
7637
5231
9927
7473
-291
-2044
-6063
-4127
-4976
-7735
3040
-454
1071
-6807
-8625
627
-7387
5063
3021
-609
-2209
-8869
6084
4944
1867
6623
-2790
7498
-5884
291
3051
8778
1932
-8971
825
384
-1001
-1027
7756
7761
351
-2945
9348
2587
5768
7103
-6527
-3961
7968
-6330
3243
4244
7121
5345
988
-9136
-6172
4324
5211
-7115
-9086
8149
-1576
-2110
5512
-5953
9115
4322
-4417
6669
-8312
-7609
6981
-5231
9912
-1997
6007
-7625
1146
-7602
5578
4852
-4347
8664
-2059
-2926
-9650
5978
3160
9988
8799
-1037
-7366
-180
1377
-272
4221
-9468
-6192
2424
5430
-3796
5439
-2247
-5674
9809
-2923
-8715
-8966
5954
-7686
8314
-3172
-5973
-5861
-7954
-4137
-7605
-4801
1264
-389
-4594
9072
7679
3599
-8974
7396
-9071
6224
-3176
5285
3080
-5391
7938
790
4521
-684
-5663
3818
-9919
-9897
-4172
-3495
-894
7758
-5305
4843
1663
-6675
-6225
5604
-6776
-8428
88
3764
-1402
8039
9427
3026
7377
-3136
-4500
8378
9037
115
2695
9910
-7554
499
3447
-8631
2885
-1564
-6228
-7036
-885
3471
2499
3252
-1339
2373
-9238
-2639
-9448
-6490
-6726
4504
-8108
4333
1948
9922
8161
2811
6110
2368
8207
-9717
823
4328
7795
3004
2169
-3495
9954
-8191
6616
-2927
5200
-9523
-776
-9536
-2226
5120
2443
-6082
-9385
-7659
-4124
3812
-4754
-5793
4297
-2666
1778
9418
4861
8100
-5806
2994
-9292
-3304
-1108
3178
-817
-8437
-1722
-5475
7791
7396
335
-6218
-8675
-7771
-4003
-1984
7979
8103
4449
-5150
-3261
-1266
9372
-8792
2986
-390
-5607
-7709
-5788
-2611
-1649
-9279
5227
-2476
183
4988
6858
-4356
7262
-7452
-7083
-6009
-9715
3448
-3333
8538
5105
-4953
4500
-9516
-6422
-1388
3133
2484
-6551
-1085
6721
5984
8806
8958
6366
-1162
-4923
622
-4462
-4100
7321
1750
-1861
-4861
9989
7375
6599
467
-5329
8202
246
-842
-9558
-4681
-2268
-9503
-9339
-1059
-9202
-2914
-582
9456
3923
-9264
736
-6730
842
9145
9749
7894
-5648
-9068
-1394
-3180
596
2028
6499
4516
-7554
-1670
-6554
-8414
-187
-4868
4953
-7534
4729
-9387
-9691
-3270
-6115
-8786
-2946
9251
-6179
3315
-3168
-9970
6815
9833
7379
-6530
170
-3777
3125
-1802
6118
-2520
3725
-8505
8938
-8857
5304
-6392
803
-5273
1099
185
-7891
4740
-9772
6460
4321
3690
2579
