-7389
1418
6615
7866
-4574
-263
-7351
-7586
1142
-1814
-6754
838
6612
4886
7725
2803
-1372
6381
535
-6350
-3275
5412
-3159
-7531
-8486
4787
7799
-2846
-2681
7481
-9996
-9284
-99
-6493
-4929
5150
8360
98
-2767
-1267
2585
-4206
8121
-3585
-5700
-2306
-1026
-1115
3228
7850
-3758
5011
-5252
3505
-2973
-874
-7724
6550
-645
-4015
3400
3871
-3624
2895
6332
-2993
-5708
-4787
507
6807
9429
-1591
6103
-6041
-2243
-3950
-5488
-7995
-2602
2004
1269
6875
-3000
9573
-9043
-3477
-5416
-3005
9424
2957
-4413
-5750
-6647
-2478
8002
9610
-1413
7749
336
-659
-1508
-7384
-8381
-1732
-5194
-5106
5442
-9976
-3918
4763
7567
3270
1002
-7636
-1640
3336
-8860
-3728
-7481
-3735
-7096
-7762
7580
4715
1071
-45
2644
3927
-7897
-2746
6224
-9150
5028
7752
4387
-4170
-3138
-3097
-1594
-325
-6109
-7445
9626
5259
5465
-176
-3890
9948
-6941
1607
3328
4486
3020
-9263
-6118
9060
562
-4380
5093
4943
5750
3788
5042
1265
-3095
-7454
-2465
-8695
4326
-4602
-6322
7615
-1971
-7497
-867
-3636
1559
-3740
-6182
-5474
3162
-9355
7481
-7108
9877
-9776
7297
155
3389
-6111
7023
4163
-1806
5961
-2995
-1542
8402
8921
4887
-405
8840
9687
-1575
9635
-5650
4069
8545
7981
2796
3691
263
9833
-7255
-1711
-9148
2507
4943
-6544
-7562
4519
-9111
3822
8529
6795
-5191
-7257
1684
-7304
9498
6905
671
2665
8174
5490
2352
-9619
1297
4186
7441
-8746
2651
6563
4533
7404
4884
-4594
-7952
1653
-2396
3603
1572
3750
5760
8725
-243
8830
763
3618
-6318
372
5102
9062
-1858
-2248
2882
-2172
2524
-8063
374
-3829
3198
-4921
5863
5545
-1076
2284
-3615
437
-8933
-1680
3572
-9870
-1686
5753
-1037
6914
-1357
-9912
4973
-6350
5211
-2689
5595
5176
1858
-765
6835
3296
98
4733
5860
-7617
-1938
6189
8235
-3340
4535
-482
-9465
1718
5415
-1020
-1487
6791
-2275
-5871
2343
9697
-4997
5833
-5839
3066
2885
200
9207
4191
8946
51
5950
-3271
-6715
-587
-516
-4823
-2914
-9156
8694
9261
-5109
-5380
134
579
8002
6242
-3863
9764
4189
7449
-8900
-5487
7929
2110
-7739
8489
-685
-4527
7791
-3499
-5005
-1316
-2988
5280
6504
8085
2487
-7421
8639
4456
-7425
-5786
-4982
-6711
-3226
-5526
6479
37
-8077
8459
6825
5013
-8552
-484
8266
664
-5803
5587
8053
-4233
2117
1205
2213
8921
3160
1064
1797
3309
3437
-3072
8226
7491
-7010
1163
-2424
-4509
9703
-1249
6829
-7108
2332
9596
-2151
5387
847
7718
-9570
9158
-599
-6379
5013
495
-2561
5421
6030
-1289
7339
-4295
-3333
921
4133
-532
6792
5557
4223
8734
7903
5518
5456
-7738
6212
-3050
-3649
8243
-113
-2862
-9989
-8143
4807
2820
6620
-2766
-4870
-8464
-8199
-4085
-6966
-3772
-5222
-6002
-4740
8498
-3642
697
-389
6507
216
-8721
-6383
5216
7616
-7265
6917
5342
2118
-2061
-1485
-5388
9962
-1253
-8362
487
6057
-802
-8885
-5960
1719
-4358
1368
-7773
2064
5160
1050
1272
-5468
6020
336
2863
-7653
8829
5817
6775
1619
8684
9317
9749
3876
5403
9046
4758
3177
-9765
4415
2719
4587
7265
8990
3843
-772
5125
-5214
-2121
441
-8183
-5218
-2757
967
4376
-7330
6782
4652
-3542
-4825
6064
4317
3376
2364
2795
5942
5334
7457
-2806
6190
7339
6204
9169
-6478
7160
-8232
-6479
1566
-5419
-2539
1466
2366
-9001
2449
8916
1905
-2035
-8222
-2005
-2418
7266
4501
-1895
-8685
-2576
9957
8351
2730
-3069
260
6560
-8116
1083
-9432
8102
-616
9036
4298
8110
517
3559
-5882
-2731
-7575
-4516
8141
-7418
-1058
341
-8329
9548
-6465
3342
3389
4467
6972
-7455
3810
410
9257
4319
-4224
6975
4780
5536
6337
-6495
-6048
-9421
-2782
-7801
-5352
-2419
9477
8830
-2230
-4495
3578
8238
-8002
-2449
8882
8852
-8286
-2769
-8158
5760
5183
8423
7902
-1583
7740
-5799
-5927
-3933
-5077
5256
4760
6284
-6936
7884
-1964
-6406
-6606
1729
6938
-5930
2421
-8453
-1292
-3448
-7730
9565
-2260
2203
7822
1023
-2692
-9012
7342
-881
-1952
-8828
-3820
-4796
3161
-5442
-9333
-1478
6799
-1324
9519
-4136
8758
-2886
5834
-257
6452
2911
-6642
2979
-7329
-4329
-621
2553
-1130
9327
8922
3465
219
-3432
1550
-4146
-1472
7268
4607
4019
-5062
6331
-7248
2445
2226
-1921
-966
1366
654
7284
-592
4327
-2817
311
-8711
-4102
-7811
-6787
-5585
1232
-9800
7400
976
-7628
6588
-1502
1874
7425
-9996
-2360
982
9947
8629
-7456
-1219
5594
-4204
-8965
-3705
-5710
138
-3485
5465
3423
750
-1898
2572
-311
-1259
2247
7753
9764
88
2138
-9448
-3541
-1628
-5012
7862
-6844
-4175
3248
7712
4002
-99
8773
-7558
2292
7119
-7676
7995
6101
4487
-1813
2054
2478
-7085
-4683
2127
-3735
6417
-1312
-1118
3257
-4769
-1753
-7612
6765
5578
5938
9467
-9503
-5003
8371
7627
4380
9747
-5003
-4078
932
-3122
-9758
6306
-3664
3578
7541
3670
9683
-5957
-2869
8965
-479
293
188
-3516
-1838
-2619
-1875
-4758
-4871
-886
-2370
2456
3339
8122
1310
-7880
8732
4512
-3006
-5061
-5192
-4619
2842
6648
-3852
6346
-9954
7851
6389
6993
-2165
5114
2575
-2897
6944
-9241
-7907
960
-540
-6023
8489
7829
92
-8905
3571
2674
-1665
-9023
8283
-2162
8459
-8673
-5553
2280
9760
693
2775
3019
-6197
1380
2190
8540
-5370
-2995
3009
460
-3079
2464
7431
-1919
-1869
8893
6474
-3503
-2455
4653
2653
6558
1194
-5559
1037
5160
-6743
-7842
8406
-8874
346
-6896
-1936
4091
5116
-5426
773
-2200
-8500
-763
-9111
1868
-8810
8936
7198
9341
8426
3985
-5457
5574
1764
8353
1180
-6800
4823
-274
4687
3605
-4098
3650
-3919
5765
-6880
2444
-3275
9351
-9484
-5867
-4248
-9350
6710
4504
2624
-9969
-2249
-3433
-436
4964
-682
-5161
-702
1086
-8768
2789
-1604
-7865
5042
4414
358
-9870
6136
3793
-9058
-3264
7586
-5216
-5987
-7368
-6267
9331
9106
9697
1245
3076
-3169
-4878
2323
-3656
2274
-3603
-4454
-8225
4125
-8742
2964
-9102
5936
-661
-9146
398
-2086
-5567
-1316
7772
5023
-9414
9341
1405
-5519
-111
-7246
-6156
8956
-103
-5917
-2220
4233
22
1832
6848
-4603
3320
3327
1382
-9126
-4165
-5513
-6966
-9328
4861
-6769
-492
6162
-6938
-8661
4613
-3671
-6403
8121
-8951
1518
-1887
-9312
8976
589
1895
-5170
-2560
954
9562
-1115
-7488
1930
-3638
9286
2554
-7545
1390
464
-7803
-3454
-5196
5286
-536
4126
1094
7678
1098
-9719
-9269
2342
-8244
1366
8127
2903
1582
-2582
-7091
1180
4278
8496
-9526
-8508
4804
3928
-6817
-4565
-5812
5382
7016
-1409
2179
3944
-2105
4521
9305
-3908
-4265
-7162
3604
8204
-5774
-9425
-2761
-9757
-1936
-8780
7128
8340
-2550
-1366
8431
-3979
9679
-5364
5598
-2318
8819
-5055
4034
8535
-3928
-4562
6382
-8729
9125
-2275
-2821
9129
-1411
-2070
9991
-2349
1931
8309
8372
5621
3498
2752
-5031
-3723
9406
6366
4192
6024
8725
2182
8174
-1209
-1319
3148
-5927
8295
-6548
4052
1011
8055
2549
6025
8309
9728
9049
9961
1402
-1036
8649
-602
-235
8138
-6609
-996
5710
-4392
3179
-19
7189
-1636
-3846
1733
-5596
-806
-2994
712
1597
9817
-9810
9749
-6831
4214
2133
2739
1982
4443
-5407
-3205
-3733
-7611
-6623
-2029
934
155
-8967
-4767
-4999
432
2594
-5228
9395
-8472
-7617
2305
1825
-1434
4083
4744
6965
-9592
-2827
8917
-2907
-6925
8387
-7452
7884
7876
-3751
-3863
98
-7729
-4475
1757
-6326
-2896
7807
8642
-6439
-7803
-9590
-1615
8915
4360
-3353
-1476
6694
1106
-4467
389
4786
-1759
3504
-6477
343
-2061
-6866
2054
4473
-2082
-8406
562
-7869
4421
-4996
-9817
1149
5381
-600
3859
-4541
1542
-4784
1018
-9434
3268
-9647
-689
4951
-6040
1768
-5634
-993
6460
1115
923
-4949
4512
-373
563
-928
-9543
-8765
-7570
7925
-4634
-8294
5897
-4627
-9883
2
6166
-8399
4716
9755
1610
-9014
2270
-4463
-375
-5388
1615
6184
3291
-5588
-105
7711
867
-830
6084
4197
-840
-3466
1184
9824
4863
2995
5513
-4648
-1110
4792
-4398
-9053
3304
7119
-2479
2749
3320
5722
2324
-2633
-2174
-2677
-9135
8607
9896
-4399
-6444
537
-6005
-8339
6228
-732
1202
-3613
9729
258
-6783
-796
3219
89
6970
-5707
-4820
-6910
-4287
-2133
6445
-4772
4108
1527
-5240
3730
2419
-644
1755
333
-3477
3338
4184
-9974
7722
4065
-6192
-3629
3230
-948
2705
8383
2222
-8091
4542
7122
-339
-9702
6642
-4451
5067
-3302
-1338
9735
1831
9551
-1866
8031
-7467
-8369
5935
9223
-1538
-932
424
432
3755
-2139
-347
-7139
8037
-2418
9787
5278
-8174
6248
-95
4208
-5871
-1722
3872
3049
411
-806
3332
-7658
-7161
1436
-2647
-7294
4540
-8722
643
-1632
-2569
835
-3991
-6086
2710
-3979
4883
-8420
1969
9809
1344
8772
-9159
-3282
-1993
-6284
-7231
5314
-6611
-1037
4447
-4356
-6330
1084
5227
-3930
-2973
1328
416
4254
4697
2490
-4232
9313
-7160
-4731
6501
-1502
3277
1021
7904
1633
6927
4285
4518
1275
7841
-7849
-6586
-2695
5386
-1653
6445
-1353
-101
4136
3455
-8744
-3769
-3219
-5089
1826
-1467
-228
-938
7818
-110
8164
-5374
6964
-3496
-8594
-6798
2324
3770
922
-9928
5031
-8791
8580
-3043
1308
-8986
-6848
9874
8835
-1360
6310
-6104
-7577
9417
365
6226
-7948
1842
343
8666
5138
-486
-6322
4697
-6128
-5739
-6416
-2712
-4336
3476
7184
592
-8370
3570
1762
-8662
7375
-3775
-350
9315
-373
954
2826
4855
3127
4314
-5932
-9677
3404
-3138
-6688
-2009
-7962
-1334
5068
6770
1344
-896
-656
7313
678
5873
-8478
1498
-1867
-8882
5245
-2380
4580
-9534
7066
7691
-7005
8721
1279
-4007
4766
-2127
-5625
-4149
2099
4897
-496
9065
-7985
-4274
3989
3465
1253
-6769
-8507
-8435
-6377
2585
7892
7382
6076
9758
-8900
-1740
-8803
5560
-2854
8621
-8276
-9579
5073
-5110
7850
3482
2441
-8963
-62
-6562
6665
-3107
-30
-4265
8287
6597
-5558
5623
-472
-8725
1893
-7476
-9417
-9559
-9027
-6908
-6421
7798
2743
-7057
6617
-8166
-5506
-8394
2154
2444
619
-9117
-5817
-4718
-3001
-2925
-7383
7993
349
6597
-7686
8584
-3585
9504
4778
-565
8395
290
-3381
-6363
-385
-8694
-9134
4422
-2635
-763
3017
-949
-8117
2374
9930
-4907
5246
2390
-1296
-3421
4839
8072
5570
-2276
-314
5076
1648
7808
6311
-5643
9929
-762
3430
-4974
1520
-8711
-3949
-1432
-9271
6905
1664
-640
-5329
-3907
-2863
-3319
3704
6222
4587
9801
6489
750
-781
-6097
-3838
9318
-423
6051
-216
1962
-8467
2586
1822
8941
3809
1435
-1237
466
-8112
-313
5496
-2120
8485
8860
9683
6366
8975
7292
-7730
-8483
-5743
7577
-4361
-1588
-8249
-5293
9681
-9241
9047
3273
8847
9142
7666
-5109
-3567
-6227
-8945
2556
-532
905
2179
7098
6279
3576
-9454
-3625
-37
-4002
9516
-7189
6684
-8179
-2451
-4841
4788
-7531
396
791
-5395
1825
-6789
5341
5526
-2440
-2439
-8534
-4602
6765
7651
-5441
-1789
734
-9806
7583
-9839
-1858
-500
-853
-4017
8086
5992
1818
2427
596
4480
3883
-2587
-1217
7527
3195
-521
-4825
7583
9563
-1215
7184
-1835
411
-7257
9076
-4833
9852
7111
7651
3970
-6382
1091
8341
9865
6201
-2178
1377
7394
5490
9892
8355
-1312
2254
-6701
-6815
3745
-7602
-7563
-1331
7928
-8601
2644
-2989
-341
8579
3782
9029
4178
533
-104
5245
8615
-4438
-509
-4555
7730
7274
-1481
6206
357
2474
-7234
-4196
-221
-6900
1057
-3042
9156
8024
4499
3793
-583
-5846
7319
7657
-3810
4752
-3729
-6536
8836
7706
-1722
-8569
5523
-1834
1104
-2604
-3933
7645
6366
-8728
5810
883
-3534
7520
-7742
-8535
-1186
8040
-6723
-5038
-844
6936
1735
2182
9190
-9087
-8535
8853
-6178
3310
6073
-8987
9146
-608
9127
2419
8706
4292
-2007
-1427
-9965
-2772
7995
9111
-72
7876
-8742
918
-2430
8365
4104
-8698
-8626
-6200
-376
5001
-2815
-2333
5535
-5933
-1145
7710
-9966
2285
-4841
6307
-5102
-7904
1579
-1850
-6956
-6060
863
-5219
-1418
5934
-2625
4156
6502
4241
-5882
-1865
2580
-4359
-858
6049
-7599
6151
-7596
-6216
-3356
7783
5957
-972
7543
-6744
-8266
-1562
5482
-9863
-8496
-5070
1591
-1919
-8339
6329
-9204
7278
-7581
-8617
-8632
-4035
2853
-2167
-5642
2280
-5517
-3551
7017
-56
8442
2008
352
-2227
7154
-896
-2782
3076
-2420
-4397
9486
-7036
-1574
-8587
6999
-3132
-5140
-5927
-1142
-6768
6622
-2523
-593
226
-6869
-4946
-4630
-8946
-5855
-9504
3359
5627
-7886
3838
-553
-8709
5489
208
2774
4821
-108
-9920
1038
-6066
-935
-9239
-112
-5478
7671
-1050
-4828
1176
2269
-1803
-5628
-6267
1511
-783
-1322
8955
3107
505
5530
9218
-1494
6360
-1870
-7873
9514
4973
1018
671
7453
4954
-2995
476
-5008
7762
-2356
9987
-9410
2499
951
1464
4497
-4916
2032
-1971
9130
3794
510
-5451
3773
7217
4309
-9791
9183
8270
-2608
8411
3187
-7266
756
-5307
42
9394
4699
-5579
9786
-1936
-6851
311
693
-5725
4311
-3323
-5189
-6851
6398
5990
6746
-1505
-4658
-1535
9680
1802
-9956
260
-5688
-7050
-4171
-4298
4478
8078
7443
-1576
-5986
-774
4369
6985
-4644
9225
-6777
-8270
-1183
-4482
-4940
-4856
-8697
-7863
3988
9437
2636
5837
-1817
-9570
1202
780
-9926
-2324
4714
6854
-6163
-4992
-364
8214
-3059
-2424
-4741
9181
3973
8606
2611
2842
7289
-3062
-7701
7552
2264
-328
-7686
2575
7685
6763
9350
1912
-9165
6378
2860
-1873
-3499
1080
5546
9943
-2561
7105
5735
-9812
3123
1991
8695
4794
-7120
2797
-572
2692
4560
1822
8677
-4328
9215
1909
8631
-7519
3201
7831
-8005
9784
9904
3520
1053
5885
-7239
9011
-8586
-6817
-9972
-5672
-6783
6345
592
6682
5502
-2669
-4030
-2300
723
8204
-1583
6466
-5494
-4827
-779
-7764
5033
4245
4289
-1613
-2858
3759
3127
3965
-7367
-175
7769
76
-1264
1090
6557
-9787
-3022
5661
-7048
-8802
-8161
5655
4667
4675
-2380
-360
4490
2699
5510
-490
-7082
6059
9001
-7034
-9897
-3589
-9528
4112
5970
6224
-891
4178
1414
-7777
-7613
128
-1368
-9083
5627
-1148
9873
-2947
7985
-5145
-7730
4590
-9415
5664
-4307
-2011
-2694
1446
-1451
8634
3217
-9028
7881
-9162
-9854
-8056
966
-5564
-4226
-8438
-7642
-3143
-4758
4633
8248
-9743
-5768
4886
-4734
677
-5867
-4603
379
8450
-3172
619
4347
-8116
-168
-330
-3869
2368
8908
6477
-292
-4464
7881
4219
-8824
-1882
2657
8638
9491
4517
-5705
-7467
-7318
96
-2328
4329
-8603
-2157
2021
-7134
4205
2897
-8016
-2147
1169
7188
-5329
-21
-5198
5691
-569
9553
-5437
14
9142
9904
3096
3219
7949
3654
-5064
-4107
-7993
-7982
-7846
3182
-9046
9616
-7982
1076
-1140
-9240
-8075
-2418
6316
3946
-1346
8858
2783
-3093
6814
5764
9255
6263
7870
4501
-429
-5922
-3199
-4081
5492
9235
-5726
-1991
5305
-8045
2150
4264
-3181
-2412
-496
6319
4730
-4894
7697
-3494
-6003
5203
-7773
-8621
-8214
1057
-1442
1086
846
-506
3923
-8648
3918
1787
1464
-8356
4734
-8096
-509
6269
-8441
-8168
2679
-5002
-3224
3325
-8640
7178
297
3471
-1198
4047
-2565
-6581
-9094
9896
-4370
266
-8595
-9463
8030
-5081
-851
1912
7431
-6634
4884
5441
-1524
-6263
2683
-4327
7407
-3599
-6237
7551
1442
-1605
-7313
8027
-2741
9735
5876
3464
7502
-6142
6890
-4214
-190
-3632
6639
-6283
2265
4733
-5857
3738
2857
6209
9370
4464
9033
-9802
3085
107
-8048
4955
6577
8584
-1248
-49
9946
847
-8167
3489
-2160
-8501
-3462
-8422
-9588
-5197
-6148
-4328
-1187
1471
-3771
4786
6229
-8309
-7501
-5353
230
-7722
6357
-2009
7107
-1538
-3934
-703
3429
-8188
-1207
4301
-5254
7795
3919
-6525
7469
-5863
-462
-1176
-4152
6380
-788
8791
-8369
4478
-8312
-9251
-4329
-7176
6651
877
-4390
-6113
8934
-858
-1828
3457
-8667
9136
3582
2369
3435
-2346
-1185
-2158
6746
7231
4115
6999
-6359
7209
-8593
-5537
7422
1089
128
2443
-4375
-9605
-9549
-8982
-218
-1258
-4946
-1007
-4596
2716
-6248
3389
7473
-2913
426
6781
4908
-7308
-554
-2754
1722
7894
-2386
-763
5831
-7798
-7511
3558
-5878
-4041
-4561
4622
-6107
5472
5679
-8592
-9274
-3171
6668
-4141
5743
7184
-7739
9870
-5355
1094
4126
9487
4884
-7466
8125
7510
2865
3095
8238
3946
-5084
-4736
-1831
-5425
-1196
-4230
-9385
3061
6502
9201
-7516
-3583
6629
-3438
-3643
2072
-7704
5167
1343
9317
3329
-4125
4760
5778
-5537
7955
-1915
-5633
-8431
4400
5808
579
-3670
-7882
4765
2462
7375
-1651
8845
7814
318
7039
-8485
-4505
-8284
-8321
-1062
-6592
6721
-3270
-3985
-8230
4492
-2660
3652
168
5390
6524
-1629
7284
6594
7290
-7319
-9422
6875
-925
-529
-6547
4595
8026
-8583
-3317
-4529
3617
-4384
-276
-3588
-558
6852
-2351
6708
-7125
7001
-1182
-1090
5431
5666
6677
-4912
8452
153
6710
-2296
-9981
906
9282
5809
-4928
7189
-1983
-4988
-213
-8557
-6296
2026
3445
-5209
-9220
1400
-8631
-2719
-9717
2393
-3575
-1306
7457
6551
7443
-7596
9906
-6626
-3714
6767
-2707
-1190
-4742
-6102
5106
-5601
-981
156
-5558
-290
2196
8553
1859
6933
5995
605
540
-2582
9548
1958
-4288
-715
1267
-1548
1285
6135
8727
7409
-3428
-3187
-7178
847
-3794
5258
10000
-2694
8383
-3559
-2682
-6486
7898
7832
-2320
5396
-4919
2869
3093
-8303
3078
7578
9732
6610
-2077
-7987
-9772
35
312
-5218
-2713
1811
-8618
7548
1783
8523
-9937
-7195
6143
4672
8910
-7838
1553
-7246
1010
-5417
7220
-3521
-2580
7495
2024
-2911
-5680
-6701
3087
2379
-8948
-8464
-3995
-5431
-4384
939
8043
-8275
2733
-191
-9294
-4555
3824
-2429
5788
8788
-7070
-1865
-7200
-2582
-9455
7263
6190
8760
-9817
-7198
-818
-6433
-7088
-1312
-8697
-6924
8708
-9927
9581
-9959
8349
-8401
4304
-6007
-2836
-8403
9590
-2443
-5483
5047
-5625
-6062
3438
-7210
-3990
6825
-8280
8885
-9106
8318
-3322
-9693
6102
-8380
5888
-7424
-4558
-2930
-8863
-1991
-579
-9419
-654
-7406
9797
3958
-330
2613
-1912
-1538
-1342
-5709
5231
1068
4793
-212
2378
-7722
-9366
6764
9231
-470
2138
-8484
691
7009
-6136
7978
-6601
-168
-2791
8317
7969
-6085
-8680
-525
-4588
-3294
1646
-9529
5214
-5368
814
3101
2723
7274
-6598
965
8614
-7360
-7745
3875
8397
-6317
-9415
-8256
3472
-4540
-7520
-9114
9127
-6611
-1756
7412
633
-7879
-4026
7697
5328
6955
-1656
4212
6612
-732
-7637
4593
6905
2066
4352
9611
-1286
3949
4898
445
7310
2706
9091
9508
8760
1310
740
9911
-4716
889
5277
-3500
-2038
7346
-974
1076
9286
7815
1811
-3243
-9533
5705
990
8616
-8961
-1694
8053
-5021
-6598
-409
-5005
-6523
-5588
349
7880
-377
-6913
8673
-3823
-491
7163
6662
-5711
6715
719
-2950
-7782
4695
8433
4678
-2343
4040
-2831
3285
7257
-6645
-1086
-9315
5716
-8156
-8689
-2616
-766
8389
-596
3403
-7881
6314
5029
5247
-4416
-5475
7252
7738
-8026
9905
-4356
-6864
-4754
-287
6889
-5581
-6944
-6287
503
4524
9599
-2080
3555
3469
1947
2247
9180
-5367
6898
-3420
3745
8718
-2897
-7373
7039
492
1787
-2840
-4887
-4765
-7342
1844
-5031
3034
6995
-3605
-5925
8054
6758
6307
-2675
4150
-9787
5434
-133
5773
7712
-7473
6936
9798
4497
-4327
-1105
5759
2259
-1201
7689
8335
7543
-2258
5445
3426
8485
5906
-8935
9713
-1977
442
9022
6004
6767
8408
1380
-7719
-9783
-8315
-4978
-2711
608
-6312
8006
-396
-1388
4275
-7742
6745
-3977
-8144
-7955
-7968
-2635
1638
-3941
9070
-8910
-609
-6415
-3385
-8534
5913
8228
-750
3359
-5939
-9454
2524
5775
7448
-2681
-1260
-1675
-5726
151
6249
-4546
-980
3072
-5884
491
-9583
6126
2017
5142
1968
-3459
-5101
1951
9545
3902
-4035
5277
-7404
4284
-8577
-2428
81
-8685
-4567
568
-5181
7911
-6395
3830
2582
-2331
-2126
-209
-6645
2104
-5832
572
3813
8246
8385
-6629
2674
962
7810
-6048
-8093
9290
2328
9060
-6927
8935
4204
-745
-4792
-3470
1626
5477
6868
-7230
-3744
2355
-2296
-2921
-7872
4425
9630
3696
-3617
-8546
-6422
-5196
-4154
-5866
-8875
8020
7461
-4964
-4936
3785
-9615
2471
-7316
-2175
5839
-411
8236
522
2381
8862
8773
-5689
-3895
-2730
4176
579
9520
-2663
703
-9470
2710
-3214
-3511
-5541
-644
178
-4601
5729
2547
-8576
-9600
3470
9500
8765
6042
1194
-4242
5722
2565
7525
8892
-5959
7853
-5311
6544
-3445
5438
1615
3358
2592
1728
90
4312
-2707
2663
1791
8375
-9064
7254
-1187
7054
-4473
-3935
4022
7444
-3460
1159
-743
1396
-2805
-2213
1958
2677
-2701
3295
-3880
2202
-8649
6849
3704
7696
5695
5293
-5449
-1523
2749
-1046
5443
3776
1277
9680
-229
8216
3792
-6327
-4088
-7992
2487
1130
-495
5630
-7928
-80
-4307
4548
5927
9151
525
-8237
-7695
-3731
4125
804
-2302
-599
41
603
-7979
-3091
1787
-3443
-4470
8615
-7582
-623
469
1249
-7256
-779
4128
-2560
3448
5053
751
-3328
-5648
-5177
-8226
-5345
7945
-6682
1491
-2558
-3850
8619
2710
-1558
6249
-4077
1146
-4422
7049
-1618
8119
6632
-7533
-9586
4622
-1183
2382
-2582
9326
7263
-855
-8693
-7861
-7352
9283
3620
-2510
-5375
7800
-9314
-9852
1972
7414
7552
-578
-8032
5215
-3779
-2291
7463
-4391
-6059
-3893
-1477
4873
8477
-6170
-9525
-4223
-9478
-4578
7530
-9868
-9510
865
-2000
1136
-730
-6317
7641
3393
3575
5428
2757
-1152
-6396
3524
-3359
-116
6221
7077
-3271
6766
-5462
-9568
4167
-163
3480
1699
6147
-4785
7882
-2665
-3341
-1058
-5597
-6730
730
-4267
-807
-7387
9941
-9771
8203
-483
-1954
8037
4127
2448
2814
7879
-5861
-5784
-1952
-7247
-1861
5346
-8626
33
-7616
6144
4140
4125
4433
-4496
1165
3693
-9040
1917
1555
1210
-8306
-1270
1846
-1454
-1963
6592
-4838
885
4300
974
-5444
-7572
384
-1881
1095
2251
-2662
1490
-6654
9909
-5371
-1445
3693
4579
4716
8642
-3840
-4885
6411
3050
8618
8355
-3431
-6149
6249
-7126
2013
5659
-5221
-854
-7929
-4495
6419
-1863
4354
7502
5868
9161
-9834
315
-5498
-5915
-3668
7222
9201
7593
-4921
9179
-449
-61
2984
-3526
4705
3970
-9331
7693
9234
2511
-4042
3782
-7423
-3554
8633
199
-5070
8496
9729
3940
4003
2266
-9709
2590
-9435
-8318
-6797
-2989
1294
5377
-2864
2580
9656
6836
5553
-9519
6228
-8385
-4914
-8759
-2051
-916
7055
8726
-3862
7519
-866
-8690
-4759
1160
-8848
-2750
-9332
1994
1678
7714
5304
130
2763
-1520
8678
7702
2051
2868
3801
-7902
2595
1462
-7945
9300
1768
-8265
5848
-7075
9129
6035
-1261
8658
-3722
6900
-1965
-4777
9362
113
-7677
370
-6737
6927
-7516
3790
8009
-7423
-5123
-3822
-5797
-9925
-4357
1737
4898
391
-775
-484
-5114
3951
5232
-7680
-1745
6185
8452
6332
-3949
-4991
9232
-5530
-4421
-7515
8580
5744
-5326
-4898
3947
9052
6852
1912
-3119
54
909
-9501
8772
-8316
415
-9740
6799
-8767
762
-6249
4168
5933
-5187
7626
1352
-9428
-8689
-809
-1416
-3085
-3763
5044
-9771
3484
-7861
-4399
5370
-3423
-3115
-1060
4340
4441
4876
-9771
1605
-7984
8613
9731
-1881
6884
-2205
-4148
8818
-6425
-8153
6554
6062
-2939
-4745
8687
4243
8605
4284
-3424
-7986
-5763
4733
-2249
9356
-1984
-3537
9593
-2980
-1629
-6161
1467
851
2162
4399
3727
2430
-1315
1344
-1163
-8401
9342
-7411
-9084
-9299
9857
-1448
293
1723
2313
4606
3855
-8557
8773
6540
5386
6868
-1298
5026
-4824
-9874
-6331
-3757
-6027
-4399
-3161
1995
-719
-7493
-8468
-4722
7490
7908
8683
-5731
6313
-7935
-4938
8342
-7474
-4287
-3126
6931
-2453
-9040
-8314
4918
6059
-8342
-4060
-4269
-6141
-4554
8490
-588
5672
-9326
2497
4760
7751
4237
2215
-8287
-4854
-3211
9646
-6149
2038
7492
1866
8627
-6156
-255
761
-4477
5424
-988
-4072
5695
1270
-5973
-8661
-5761
4522
-4535
1862
5855
7423
-3678
7443
-6676
6819
-5696
6456
-8910
8603
6874
-6737
173
84
4683
1012
-2952
3001
-9858
-72
-2277
-5232
9733
-2668
-2790
1218
648
8843
4728
-8255
-8489
-5662
-5564
5464
7065
-2907
1012
-3954
727
-3238
3114
-3918
-4591
-8644
-374
9843
-5260
-5639
4056
8738
8710
6665
-7110
-3461
3235
-9906
4795
-1841
4649
2828
8735
-27
1047
826
-7838
-9212
-2869
5332
-6189
911
-5960
6548
-2950
-8087
3755
2593
7963
-1233
5475
9234
-7487
8510
-4142
-6434
5332
-7970
6517
2986
-6935
5092
7911
-8052
3689
9757
-9666
-1857
-7364
4676
892
-1608
4994
-7537
3704
-436
241
5528
-2063
1876
9466
1868
-9483
3316
8135
-5451
-1514
7688
-8212
-4333
-5538
3540
-6218
5096
-9245
3448
9446
377
-3121
-1833
4725
-8426
-8446
-1856
5748
1181
-6005
7708
6007
4290
8976
-5285
8493
-1510
-7616
-597
603
-8910
4143
-3077
7504
6153
-3331
-1994
-1793
-2874
-8338
-7969
-8476
5270
-1649
5375
-2657
6032
-4375
-5284
-3884
8624
-7522
-7438
-1922
-1967
6504
1400
-3727
4187
9185
-1137
-6248
-5557
-9665
8669
-9802
7906
-1354
-6699
3578
-8399
-7625
-5433
-8084
-8794
-6774
720
-3693
3335
398
282
-9587
-3253
-2130
3947
-8443
4786
-4808
5902
6529
5163
8212
-2861
-8580
8556
4392
6484
-9615
-6618
84
-1541
7525
4880
-5066
4207
-1707
-5492
-9842
-5901
-9565
-1548
-9388
7286
2631
-1650
3724
2872
6287
7838
-2807
3260
-8696
-3352
-9912
-4467
-5741
-6594
3086
2401
403
-4369
-9924
-6208
1511
5855
-2761
-1456
-666
9709
-1543
2937
-4917
-8740
-9896
6992
-9087
-8090
4969
-6357
-9025
250
-2011
-2216
9749
-6597
3033
5801
1299
-5825
-1769
-7281
4496
-5345
7744
494
7693
1705
-1297
-1657
7386
6773
2604
-4322
8522
-7642
4837
-5085
5736
-5982
-1465
-5514
-8064
557
6919
-5702
5662
-2706
-3052
2933
6474
4261
7633
2391
6950
6787
-5023
7947
-1083
4809
2410
1524
9990
-8429
-1714
-4516
-5606
-9330
-6515
133
-7439
4111
-175
-8798
867
-6399
-4858
5844
8774
-2414
98
6337
-9583
1965
1564
-4060
4598
-8481
-1802
2596
-9613
-5362
6494
-2117
-7885
-4502
-3179
-6358
3529
-7625
2538
6064
449
-7299
949
6539
-6667
8173
6345
-5079
-4382
336
616
9064
-5532
-6520
6104
-2770
-7992
3420
-2877
-2577
2278
-3695
-2822
-4522
4127
900
3811
-231
273
-561
3668
6308
3472
2525
9119
7962
-4531
-3683
-2875
2513
-138
-5163
-2202
-7497
5453
3106
-7529
1229
-3459
8909
9950
8807
3301
1707
-2017
-1972
-7651
-9057
1288
-2484
8909
5002
893
-7928
-7366
-4922
9805
4373
-7771
-784
-365
-9011
2620
-4431
-1156
-5821
206
6873
-4490
-2617
327
-8552
-7403
-733
-718
9022
-942
-3874
-9520
-5477
-7664
6203
-8063
-2520
-3864
-7445
-5091
2976
3706
-3205
-8709
7548
-6936
-4458
2021
127
-6140
6054
8970
-8273
-7514
-95
4358
-4318
-9609
2848
-4820
9961
-6121
9759
4224
3866
6869
-6455
-3722
-3105
783
-5142
2646
6167
-7781
7124
2115
-324
-4304
-7173
4414
-6696
-9910
-6214
8775
4280
3825
2454
-2135
3828
3053
6921
-124
-9460
-9301
9684
4032
3684
5391
6230
4739
-7737
-5639
9723
7137
5476
-9718
9004
7840
-8339
-1285
-8836
6841
-9521
5848
-2179
7519
-9442
2956
-199
7586
3852
-235
-5921
8858
-5884
2861
-640
7931
-2866
5541
8503
2612
-4041
46
4037
-4564
-7620
7281
-4282
8207
5775
-7125
-5019
805
8231
5821
8914
1226
6533
1887
4096
-6233
9092
-1047
2918
-5632
-8916
-9691
1170
-3544
325
4729
7347
-8892
1200
2475
-9290
9084
9130
-469
9784
4563
9574
-1331
-9888
-4770
-8933
9476
1923
9209
-8505
-9147
2534
5745
-5175
-4890
-8823
-8296
-9609
223
1777
-2269
-9123
-2192
-6808
-557
-4328
-952
6168
4612
1483
-9986
5247
-5456
4556
-2292
7283
3665
6176
4339
9781
5745
2408
4736
-6599
-8718
2286
4389
-9355
8697
6842
-3730
365
8539
-719
5813
6236
-6452
6988
2807
2161
6361
-591
-1517
-6463
3628
-2549
-1291
-9603
-1281
1056
4957
-3298
1742
2361
1365
9753
-1068
2353
-9212
5288
-9289
3949
-4060
2085
1225
-4869
-6700
-9477
-2722
6514
4188
42
-3834
-9004
-2432
6955
-8806
-6590
9025
-3456
7263
4798
2607
-9881
7684
9639
-7216
-350
561
3107
-6604
-5670
285
-5037
-5360
2041
-4542
-7707
4600
-4523
-8348
-1215
-3086
-7318
-8149
-250
-6090
-2144
-8428
6006
3096
-6711
-6876
1861
2615
-5438
5150
-8946
-339
-1894
-2217
3458
-3494
-3087
3702
-8361
-620
2516
-4084
-6750
-6428
-1766
-1837
9460
-8173
3109
-694
4123
-4463
-3512
6995
-9182
1457
6296
-411
-330
-2153
4392
2641
-709
-3263
-8555
-961
7605
5208
6769
1611
7104
3497
-6596
5603
7721
-707
7846
5393
2389
608
-905
9086
4203
-284
-4453
-1728
8792
-2657
4098
496
1819
-7885
7483
3513
-7518
174
-3685
-2734
4794
6889
9899
7599
2754
7249
-7656
-2813
-3740
-7226
-4749
3487
2584
-8776
75
-2751
-3504
8126
-3618
-7568
-1628
-7651
-6132
1096
1917
-9567
4722
2177
-7278
-2275
-9048
-2630
5713
-1706
4452
-7453
9291
-952
3816
-3377
-9373
8302
389
6294
-8706
-1507
-2150
-1356
-9833
-5105
-7429
-8658
6221
-99
9344
-8669
5472
9379
-8043
5121
8621
-4066
-8858
-6823
4076
4027
9623
1797
-7811
-5267
-6592
-1821
-4667
1342
1796
-95
-3923
-2596
1845
-1378
5288
-2889
8017
2263
-6123
3643
-7156
-4713
-1923
-6742
-5328
5316
-3651
7304
804
-2894
-4971
5767
3028
6065
4923
-8601
3098
-6264
-6147
-5244
-314
-3267
981
9631
5764
-7090
7507
-513
9420
1696
3812
15
-6564
3976
-6291
-5275
4642
-1052
-9094
-3819
6719
-2994
-9767
-8567
-7975
869
3729
8898
4631
3603
-7808
7290
-2031
-7896
-7107
1026
-3750
-5380
-4698
-5231
-3065
-6766
-9518
2275
-3610
1768
-6718
6586
5395
-1308
-1300
-3428
7728
-4472
-7925
9035
-566
1261
1446
-1009
8559
9710
6589
5571
-2227
-5364
-3880
-5473
-2888
8358
-4901
-2906
-6286
-3975
5316
219
7275
-8692
-6673
-5895
-7908
7217
-7240
2747
-2884
3145
-3044
8286
-5076
-9802
-1425
2398
5493
95
-2891
-6212
7042
710
-3914
-4551
-8585
402
-6484
-5745
-4
5709
-753
5624
-6386
8220
5573
-2341
-502
-5529
-5501
1252
-7312
-3532
-1176
3926
-736
3261
5751
-4301
9589
-2762
9860
1163
9888
-6473
9299
9355
4650
-1730
9393
5808
-7844
-9872
2664
-3589
1066
2614
1105
5744
-1953
-5529
-4333
-9336
8965
89
-3414
4345
-343
9180
768
757
8570
14
7005
-1153
2525
-5806
1205
-3513
-8727
-1224
5266
-3549
-81
1450
9866
-426
4004
3176
9492
4663
3541
574
-1722
2665
1607
1825
-9900
4025
-2358
5853
-2553
-5634
6280
-221
-8301
-4293
626
-3526
471
-5221
-9041
7110
-1207
5929
879
-4826
8594
-8408
4311
2348
6618
-6124
-2803
-8882
4863
3970
-6413
8537
1587
-7674
8559
-4939
-5967
-8191
5853
5160
-5252
692
-3605
6077
-6507
7802
-9227
5774
2037
-7617
-3771
-1548
-3664
-5208
5992
-576
2123
-5758
6675
-6448
-1755
-2246
-189
8399
-7624
9658
3784
-2776
3625
-2780
8176
-8205
4274
2598
8697
-5384
-8177
-2021
2724
2467
-8393
664
-2524
2857
9048
-896
-7975
-4169
-9238
-6675
-9175
-7164
-810
-3252
-3966
1934
6430
-6766
-5150
-6376
-2588
-5960
8280
3341
-7035
1137
-7814
5780
-8307
-5210
1801
5769
-6613
-8218
-8580
4164
-9711
9010
-3526
1438
5043
-2842
826
8095
-4911
5089
9104
4874
-1048
-6785
7184
171
4365
-8567
4764
1683
-5178
-9976
7780
-3971
-6847
2144
2995
-1900
-4183
-5804
8426
1212
-1658
1957
-1492
8605
-5086
-3892
-9001
6343
9261
-8930
408
95
-838
6081
-1975
-6817
2821
6211
-5859
-5131
5041
9357
-2170
5279
1094
-5872
2960
-3103
5283
-4092
4660
-8224
4431
9077
8923
-7012
1331
9644
9813
9653
6036
-1366
9812
-2609
8183
6385
-6905
6495
9490
5196
4898
-8948
7647
7849
-2014
-6592
-4856
-8010
-2952
8618
825
-7245
4675
672
3577
-6902
-5666
2599
4040
-3268
9646
-6118
-7661
9461
-8066
-5413
2669
-20
635
9679
3676
-4093
-118
-7701
3871
-4940
-774
-7110
7073
6691
3836
-4006
2383
-6122
-905
-6781
7050
8482
8306
7008
6263
-9895
-896
-3460
-2313
1589
-2452
-6279
-6618
-6758
-883
6959
-906
1184
5684
-4116
-9176
6497
9967
-8795
-1535
-6500
7711
-9336
-7362
6335
7107
5645
3858
-638
3664
-4618
-3398
-9322
5861
4908
9594
-8090
2227
9355
1725
-8113
8283
5706
996
4395
-598
1875
9071
-8345
633
5637
-1027
9323
-486
-5388
-9665
-2119
3889
7629
3084
2503
1535
-3898
3838
-5982
9128
-6699
5063
-7241
-4944
-8024
9906
-9432
-1442
366
-1739
1678
590
8768
-9998
9256
-2776
-1912
-1539
4056
-2829
-4742
-6603
1817
10
-8882
-475
-3640
1319
3872
-5865
2725
-1082
4957
5247
9035
2597
-4277
-3937
-2444
-3834
7196
237
-3538
-6854
-7664
-2471
7279
-2504
-5441
-266
7749
-9664
5166
3664
5589
1154
-9075
-338
8384
4276
3646
7454
-4956
-1385
7100
7787
-1182
-1739
-7155
-6892
324
-3027
7850
4423
-11
-9675
-2890
-5797
-5548
-3164
9394
1447
-9946
3297
3224
1199
7110
1696
-7086
-8218
-3399
5566
-5204
-9688
9520
3348
-4909
-1352
-7936
-5227
857
9273
9570
-9464
-502
-6639
-8464
2955
8421
-1982
1541
-1675
1094
-661
4379
-2568
7411
83
7726
-4561
-8075
5752
3501
514
2953
-7307
302
8957
5833
7944
5720
-2469
-5548
-7874
-6701
4775
-2964
5101
-980
-7996
9773
7186
4263
9300
-5223
2089
-2489
-1294
1464
2672
-2126
251
145
4709
-6097
-8891
2663
-35
-8121
6961
-5061
-2834
760
2236
9635
-8869
-7912
4291
-2821
3411
-522
-9358
928
-5116
2876
-4800
-4270
-4855
-7722
6752
-4350
7977
-43
495
1003
5402
-3548
4882
3450
1151
-525
2564
-5353
5061
-372
6278
-7990
7101
6834
-4258
-6814
3548
7817
2037
-9215
6263
876
-3739
-1765
8537
-2956
-2184
4923
9786
-5963
7067
3693
-9389
-431
-4097
-9341
-1901
9832
-1253
873
-4659
-7646
3538
6635
636
9100
1174
6576
7705
-3059
9639
-8560
2816
4524
-831
9222
627
3053
-8347
3263
-2424
-6851
6010
-9411
5366
32
-7956
7791
1997
-6155
-5356
802
5681
-2668
787
4739
9553
4795
-8620
7239
-1586
-7731
-1492
6410
1772
-2384
6569
6604
3004
-5385
-4923
5873
5586
-1540
9144
-2514
3901
-1129
-9585
641
-4328
2235
-1710
-3091
3434
8139
7805
1332
4409
6263
7504
3125
3382
-8534
3851
-5402
4575
5171
-7424
-7018
8901
-1870
-690
-8192
4585
4870
-1757
-9629
-9521
4131
-1703
-4251
5433
517
266
2098
-675
-9053
5620
-2162
-8029
5414
1057
6743
-1926
-8859
6473
-5005
-3975
-271
7770
3263
-967
4061
5215
8085
2166
-1590
-2432
3544
-6273
-1213
1855
8472
-216
-1595
4656
543
-3479
-1966
8961
9609
-3537
1395
5047
-8107
-5478
-1869
5169
8610
-540
-7717
4504
-3439
-2824
6878
-6257
-4287
-4468
-2038
-2546
-4636
2281
1094
5893
-478
3830
-9607
6458
879
-2173
745
7983
9335
-5417
-2349
3584
2279
1629
9270
9894
5068
9525
5389
-4838
-2047
4367
8317
-3485
8633
5912
1032
4968
9020
-7269
6552
-5742
6336
-5161
-605
6056
7075
-1177
-1442
-4628
-8874
-9146
-7929
43
2429
-1485
8895
7555
-3845
3447
7881
3642
-4873
7517
-1232
735
663
416
-6171
-7208
2259
-1094
6754
4867
-2280
-7381
-687
-3235
-7254
-8969
8401
-1680
3706
1962
-2560
-2901
3582
-5396
9120
-4704
444
8313
1715
-4458
9148
1942
1484
-9886
9876
5403
-5116
9786
1749
587
-7463
-5674
-9477
-5361
-9663
6052
-1329
5284
4853
5203
2678
3967
5471
3594
-7459
-7985
6973
-181
-7288
-7850
-6501
-6899
1089
1319
1591
-4073
-5809
-2616
-4062
8033
8037
4575
7272
-273
6624
-5200
-6547
-6704
9702
-4126
-5251
-7942
-3652
-2820
-8882
-5728
3944
-802
3027
3279
2844
-9200
-8531
1836
-7543
1929
8252
4776
3838
-8055
-8112
-633
-8834
-4679
4749
4817
6669
-3009
-9363
-7858
4150
8021
4620
9381
-7605
1903
2281
4058
2699
7262
-4721
6185
-117
881
-2553
-1548
3453
-875
9330
-3663
-113
8585
-4987
-3977
-4880
8510
-9874
9394
-7290
-7265
-2219
3723
-7941
4115
4609
7056
1200
1794
6030
-4141
4054
-5194
7474
-3034
-9214
-1203
-130
8405
3455
-3793
-6678
-2132
824
-8446
-8046
-424
282
-308
7051
3994
7162
-2782
-955
1587
7920
1896
4456
-4215
-425
7174
651
-4140
883
8783
-7836
232
-6498
1225
8282
9375
9427
3348
4604
6615
-1469
4712
7156
23
758
4817
-2967
9305
-7742
3942
-1432
-3414
3012
7325
-7458
-4149
-8096
8530
3482
-6518
-290
8376
3910
-6380
-1347
4312
-9197
5044
226
5588
3526
-7600
-354
-2061
-7335
8527
2505
-533
6590
3288
6642
8571
-8784
743
1260
-9877
-7886
-9431
1778
-5037
-4029
826
5364
-4569
2171
5687
2432
-8463
-283
2001
8043
3486
4241
-4846
8234
-3555
3330
-5920
23
-5195
-1025
8145
-8317
7532
717
-8003
-428
-9100
9639
5777
-4948
5104
7095
-8118
1806
6817
-6123
-5986
-8523
-3330
-4970
3018
